Id,SalePrice
1461,113351.46481666663
1462,155290.81646666667
1463,156047.19070000006
1464,178944.43316666668
1465,197522.96839999998
1466,171057.0783333334
1467,178560.0447
1468,173706.63333333327
1469,197723.56478333336
1470,116292.40701666662
1471,199618.6982666666
1472,97446.19964285726
1473,100299.30226666665
1474,152425.10266666667
1475,121050.94349999998
1476,374801.9500833332
1477,279759.2419333333
1478,312702.13655000005
1479,313343.5671000001
1480,541730.4044166661
1481,345380.17415000015
1482,217511.73841666666
1483,184482.45663333358
1484,170280.7558333333
1485,144487.69832380972
1486,202741.37446666684
1487,330522.4870333332
1488,257365.51639999947
1489,193153.05824999997
1490,211528.04999999996
1491,187341.7808333333
1492,95902.27736666668
1493,202273.13826666668
1494,292375.42798333365
1495,298552.2299333334
1496,220995.85700000002
1497,184814.45191666667
1498,146484.53292380975
1499,149656.10679047648
1500,127877.73989999999
1501,174311.01666666666
1502,136053.49876666677
1503,266374.09976666636
1504,231015.3302833333
1505,218376.3433333333
1506,208033.74226666664
1507,235992.95680000007
1508,190128.9874333332
1509,160204.60833333334
1510,121365.23836666657
1511,136904.53034999996
1512,157795.55803968254
1513,155586.77183333333
1514,173589.1645833334
1515,192557.00956666676
1516,119475.09166666666
1517,159448.8349333334
1518,147345.94308333338
1519,224878.52328333334
1520,133466.73118809523
1521,134036.34300000005
1522,172541.93833333332
1523,119008.19106666664
1524,111651.96916666662
1525,114765.20599999999
1526,119595.34049999998
1527,105782.00213333334
1528,124888.97313333339
1529,143023.81205000007
1530,166691.0541666666
1531,105440.20668333334
1532,108325.2151
1533,148846.25078333335
1534,128413.17213333327
1535,183473.5914166668
1536,148015.38568571437
1537,77533.3492119048
1538,207172.10009999998
1539,215246.27081666657
1540,136478.4958333334
1541,155587.19405000002
1542,150876.31846666674
1543,224246.2752666668
1544,85014.1774
1545,103120.09193333327
1546,99955.29679999997
1547,134406.31541666677
1548,123178.87999999999
1549,117636.79328888886
1550,135929.83863333336
1551,123740.67999999998
1552,115280.14948333337
1553,178331.8189
1554,140158.8450666666
1555,149208.045
1556,110942.21796666665
1557,134869.60175000006
1558,85043.43236666662
1559,115982.4399666667
1560,133308.55330000017
1561,149988.02167301584
1562,129375.45991666656
1563,98564.87873333332
1564,167259.03173333334
1565,141692.95543333335
1566,206341.65616666668
1567,77682.80833333333
1568,195570.89583333326
1569,127475.56013333336
1570,133956.3738333333
1571,141731.85708333328
1572,145197.89260000002
1573,242354.1061333332
1574,132980.55879999997
1575,187862.6302666666
1576,177238.5425
1577,195851.97416666668
1578,147852.5451666666
1579,108435.15893333332
1580,189906.61719999995
1581,136284.78150000004
1582,124232.26493333332
1583,330698.16520000005
1584,240702.6801666666
1585,140158.89202380955
1586,75768.11018333332
1587,90080.0796380952
1588,145109.80625
1589,104382.23826666665
1590,154263.11766666666
1591,121447.93956666662
1592,147812.36036666672
1593,97046.62309999997
1594,136236.65001666662
1595,120221.33563333338
1596,234189.1901833332
1597,181419.16266666673
1598,159838.97360000006
1599,166918.14333333337
1600,187302.81333333335
1601,53349.91381666669
1602,107584.39333333334
1603,76605.9819666667
1604,270566.7101999997
1605,249501.74496666674
1606,175546.98666666666
1607,215083.6256666667
1608,151268.63364285708
1609,192423.48325000002
1610,140016.7858333334
1611,148746.3239166668
1612,197715.51640000005
1613,160839.48880000005
1614,110251.64839047621
1615,85635.3890666667
1616,85635.3890666667
1617,83350.04261428575
1618,128717.23166666672
1619,115873.08105555546
1620,190820.75653333336
1621,121535.92893333333
1622,146258.9347
1623,289947.44323333324
1624,188926.74583333338
1625,120850.54963333328
1626,178966.5785
1627,188079.33799999996
1628,264865.7047833333
1629,172075.9317333334
1630,371812.72965000017
1631,231946.55698333337
1632,253351.60274999996
1633,146090.6023904764
1634,196537.5351666667
1635,156905.30401666657
1636,176783.36166666672
1637,184411.8964166667
1638,188141.14683333325
1639,196289.10883333327
1640,249772.81326666675
1641,193377.82750000004
1642,197739.93433333343
1643,227238.99730000008
1644,231429.87283333336
1645,157093.06941666672
1646,157599.03225
1647,156078.58666666676
1648,147185.27893333338
1649,134540.97508333327
1650,117857.92339523807
1651,117408.3914166667
1652,93449.42057142853
1653,91290.69773809524
1654,157939.26583333334
1655,152619.57758333324
1656,151114.4401666667
1657,161085.91333333333
1658,153949.00683333335
1659,124094.46566666666
1660,144370.23853333326
1661,444216.0898500001
1662,390863.64853333286
1663,392792.30561666616
1664,499348.4187166663
1665,347255.01083333365
1666,284377.9791166668
1667,355962.0139666666
1668,347198.59910000034
1669,280328.6429666668
1670,342561.75540000026
1671,273516.7285833335
1672,472829.18969999976
1673,266899.26700000005
1674,263461.2025666664
1675,187907.22968333345
1676,191402.5891333335
1677,208233.05120000005
1678,478501.69541666657
1679,344841.7055833331
1680,344998.19690000004
1681,259759.09553333354
1682,268420.7166333334
1683,209546.97533333342
1684,180159.7607500001
1685,163083.14804999993
1686,186244.2383333333
1687,149566.2959968257
1688,186830.5165
1689,183420.17916666667
1690,172303.15433333334
1691,171052.63724999997
1692,217117.3420333332
1693,147856.37552380978
1694,184092.5241666666
1695,169323.98726666666
1696,273508.5522166666
1697,169586.84793333328
1698,353994.2754333332
1699,322252.91251666646
1700,250610.80483333342
1701,273958.64856666676
1702,271444.6441500002
1703,260541.7277333335
1704,277185.73211666656
1705,229767.78934999995
1706,411691.88963333325
1707,210667.94959999993
1708,204713.47183333323
1709,288105.771416667
1710,234672.75483333328
1711,218359.22323333324
1712,287609.551516667
1713,234253.10253333347
1714,219192.8493333334
1715,193255.30999999997
1716,192294.1010833333
1717,171547.65966666664
1718,172143.4566666666
1719,215597.88506666664
1720,255145.91655
1721,177300.19208333336
1722,150155.72209999993
1723,150155.72209999993
1724,220026.66040000002
1725,226138.34783333333
1726,178088.65
1727,169395.01769999994
1728,175893.23233333317
1729,146266.8501333333
1730,129524.43426666663
1731,127013.00639999998
1732,114969.26918333335
1733,114969.26918333335
1734,117744.13566666667
1735,110437.63543333331
1736,124888.85781666664
1737,286131.0093833332
1738,197808.0216833332
1739,299515.2498333338
1740,202203.28446666672
1741,182497.54538333337
1742,173750.77499999994
1743,171714.92044999998
1744,271343.7206166667
1745,240137.11609999996
1746,187188.00716666653
1747,158757.91466666677
1748,228913.26523333328
1749,162992.65806666666
1750,172020.71933333334
1751,240726.72066666672
1752,98564.87873333332
1753,172722.02100000007
1754,221138.94491666654
1755,162437.12166666664
1756,109398.18713333327
1757,115929.02463333333
1758,128620.66079999998
1759,149156.87453333332
1760,152288.2706333334
1761,135826.13620000004
1762,147610.68149999998
1763,156012.92833333337
1764,119131.54650000003
1765,190859.71506666654
1766,164794.32300000003
1767,218106.54533333323
1768,149066.56736666663
1769,173801.37921666674
1770,139332.43539999993
1771,143006.1654333334
1772,149100.6733166667
1773,131646.23824999997
1774,147716.74939999994
1775,141880.36250000002
1776,102698.17483333334
1777,84776.06516666668
1778,140900.10793333332
1779,92741.65583333331
1780,172029.33575000011
1781,135535.82985000007
1782,94614.15583333331
1783,128221.53000000007
1784,89345.97373333332
1785,125279.80683333336
1786,144336.26641666665
1787,176850.12975000005
1788,58423.713633333384
1789,93090.80851666658
1790,82966.55751666667
1791,223094.22983333326
1792,155407.33916666667
1793,153098.6666333333
1794,142465.45530476182
1795,142988.87166666667
1796,95404.8970666667
1797,111667.34166666666
1798,131883.47986666666
1799,88699.57383809525
1800,113704.39194999998
1801,137759.64186666656
1802,174941.99833333338
1803,151932.90999999997
1804,129644.16333333333
1805,148711.53833333327
1806,172297.03083333332
1807,139448.17000000004
1808,122888.24903333333
1809,134845.11196666674
1810,121617.55833333339
1811,129407.60021666672
1812,121617.55833333339
1813,135813.44558333338
1814,95276.86379999996
1815,57305.3755666667
1816,85937.91878333333
1817,109113.27530000001
1818,136226.77666666667
1819,144890.34069523806
1820,79831.52223333331
1821,136059.3984166667
1822,169185.40166666667
1823,61184.13623333334
1824,136027.0484166667
1825,125025.10116666666
1826,89211.05285
1827,129054.90756666666
1828,133457.63070000015
1829,119667.69350000002
1830,160588.61083333334
1831,185981.7693333333
1832,136163.6641666667
1833,143836.61219999995
1834,135835.44883333327
1835,204779.19350000002
1836,141799.64833333343
1837,85474.66988333335
1838,136900.23136666662
1839,96365.55426666663
1840,160539.52020000003
1841,155842.5087000002
1842,93154.43154999995
1843,143819.16866666664
1844,117214.18806190477
1845,147373.44403333336
1846,148282.54666666672
1847,135604.58839999998
1848,57611.8105666667
1849,75532.85690000006
1850,127358.19833333329
1851,134771.0383333334
1852,107958.47583333332
1853,135974.10336666665
1854,149340.47280000002
1855,134804.73359999998
1856,218772.79333333325
1857,133519.56471666673
1858,147703.41223333316
1859,120498.3469222222
1860,146097.87431666677
1861,118499.25172222227
1862,302781.56855000043
1863,302781.56855000043
1864,302781.56855000043
1865,318235.51049999986
1866,335364.21226666693
1867,244050.18230000028
1868,287851.58930000017
1869,195338.8484166666
1870,198513.48835000006
1871,246128.95459999994
1872,143640.5462
1873,247404.67166666663
1874,136477.72925952377
1875,220433.2843333333
1876,205357.24416666667
1877,200920.73933333333
1878,218376.3433333333
1879,125498.27553333338
1880,126018.13570000001
1881,221962.95353333338
1882,271482.5155166664
1883,194755.1478333333
1884,206157.87283333333
1885,249972.31063333337
1886,288215.25725
1887,202431.13583333333
1888,250911.8208333329
1889,143388.4403666667
1890,122633.7059333333
1891,138496.56747619042
1892,113335.85586666655
1893,122966.92150000004
1894,131596.1324166667
1895,148699.11995000002
1896,122562.90593333333
1897,136266.7426666667
1898,106487.93836666661
1899,130720.25558333323
1900,151354.9822333334
1901,135504.72651666673
1902,122536.37533333336
1903,234601.96201666648
1904,113289.04904999999
1905,157525.62666666668
1906,181247.43623333334
1907,151491.8533333334
1908,118241.08999523807
1909,129870.9539333333
1910,130690.90699999992
1911,174913.92166666666
1912,329507.5868500005
1913,155995.00533333328
1914,59245.52656666669
1915,276095.1430666665
1916,51392.77448333336
1917,254082.32849999986
1918,121012.25240000001
1919,158660.88030000005
1920,178015.45833333337
1921,394494.5011000002
1922,310689.9519500001
1923,206860.93379999994
1924,256051.23383333336
1925,213573.40500000006
1926,338092.7178666665
1927,136402.61983333336
1928,161129.21599999996
1929,116441.89150000004
1930,105172.75469999998
1931,125458.50833333335
1932,121868.2376
1933,143092.94486666663
1934,172501.73852380947
1935,161732.24519999998
1936,172501.73852380947
1937,188106.16799999998
1938,158671.5010333334
1939,250757.07866666676
1940,201603.6184666666
1941,186937.57449999996
1942,178142.27
1943,186316.74393333335
1944,302693.69445000007
1945,344909.7429166665
1946,149119.9041666667
1947,343098.00928333367
1948,137063.80333333334
1949,248022.97833333333
1950,193257.4331666666
1951,224917.32594999988
1952,240611.54488333326
1953,165777.62583333338
1954,206070.75733333334
1955,132160.93435000005
1956,256024.45529999997
1957,189808.24546666667
1958,278739.51431666646
1959,163238.72091666673
1960,117530.52078333337
1961,127722.3986952382
1962,94803.6445
1963,93449.42057142853
1964,112006.9479
1965,150596.23850000004
1966,150935.06525
1967,255283.94398333307
1968,418293.9324999996
1969,373043.2480666665
1970,453023.0259666669
1971,438748.44868333323
1972,344112.0192
1973,265937.78948333336
1974,276378.3222166667
1975,473264.7497166665
1976,262275.0307999997
1977,342465.40216666664
1978,334852.3443833332
1979,362190.9560833332
1980,187921.30628571432
1981,319516.9739000003
1982,217001.3457333332
1983,217001.3457333332
1984,169154.71750000003
1985,200233.58960000004
1986,225587.35501666667
1987,192100.93633333337
1988,179919.59833333336
1989,198833.30391666666
1990,194329.16883333333
1991,211839.6862333334
1992,198406.34383333332
1993,166458.48608333335
1994,246758.6035999998
1995,199352.22566666667
1996,259014.83823333343
1997,342292.270633333
1998,329593.8611333332
1999,245906.79616666667
2000,310224.8908500001
2001,240474.30016666662
2002,226094.75291666677
2003,249440.4042499995
2004,259638.8148833334
2005,232334.64158333367
2006,225281.49591666672
2007,268628.24971666676
2008,193153.05824999997
2009,159036.26671666675
2010,186830.5165
2011,176107.1237666667
2012,192642.90608333328
2013,182883.42666666678
2014,186561.78983333334
2015,199289.19891666668
2016,160802.37469047625
2017,192341.09841666665
2018,128074.51286666667
2019,136652.78341666656
2020,124411.56999999995
2021,95947.63313333335
2022,187240.16483333329
2023,164547.57441666667
2024,227410.53705000004
2025,455942.5901166666
2026,196488.06783333336
2027,143654.30008492066
2028,155683.40023333335
2029,180143.41416666657
2030,290623.75346666656
2031,216490.33878333328
2032,247674.88681666675
2033,280608.46361666673
2034,159830.8852166667
2035,209955.4339666667
2036,219788.5717333332
2037,216271.43726666653
2038,292141.53186666657
2039,203962.07916666666
2040,341127.6909666666
2041,249061.72161666656
2042,225248.45309999998
2043,192068.5586666667
2044,187776.61327142848
2045,222181.9512499998
2046,173625.7557896826
2047,144770.19956666668
2048,141702.5864166667
2049,133518.82275396815
2050,158368.86399999997
2051,101801.80976666672
2052,141494.88736190475
2053,134810.83541666664
2054,83024.20250000001
2055,158967.31656666665
2056,130519.81826666664
2057,126342.3066666667
2058,212119.5883333333
2059,136287.01744999998
2060,162045.4348
2061,164761.50849999997
2062,138971.2788166667
2063,98073.62880000005
2064,150307.13208333327
2065,116299.57766666662
2066,163104.63166666674
2067,133227.86750000005
2068,143547.09623333323
2069,78315.96108333331
2070,120129.0025
2071,94530.53146666664
2072,139477.3813666667
2073,128983.00399999997
2074,191383.6355
2075,156702.9169833334
2076,108928.96856666666
2077,148248.92700000005
2078,125201.29515
2079,132304.3461666667
2080,121765.27916666667
2081,139016.0225
2082,142451.62809047612
2083,146502.46401666672
2084,103897.36321666666
2085,137890.39610000004
2086,115234.78078333338
2087,134617.83583333332
2088,118450.62418333336
2089,92685.86294999997
2090,172676.67191666662
2091,135976.51256666658
2092,126965.07348333306
2093,136184.56750000006
2094,174706.71708333344
2095,132072.11999999997
2096,89609.38378333328
2097,130501.665
2098,140391.65170000005
2099,55466.52246666669
2100,101169.5116333334
2101,142187.72521666673
2102,151658.34713333327
2103,99225.98743333331
2104,148329.5020833333
2105,131131.4525
2106,81973.89411666666
2107,311008.50923333375
2108,114805.16233333336
2109,117859.61423333346
2110,139817.18098333332
2111,145670.52166666673
2112,135734.66381666673
2113,133965.98366666664
2114,126817.81571666666
2115,160700.94549999997
2116,129830.43753333332
2117,174697.18333333338
2118,132341.76033333337
2119,117835.7326666666
2120,137149.69999999995
2121,78558.63274999999
2122,102737.11093333327
2123,101275.91669999993
2124,194547.4631666665
2125,130382.89666666665
2126,154409.22088333344
2127,199230.42958333337
2128,130681.16000000003
2129,80054.25332142858
2130,136000.41499999995
2131,163167.42500000002
2132,132337.09408333336
2133,139265.01701666665
2134,107516.45438333343
2135,92784.02713333332
2136,80452.14935000004
2137,140243.44964999997
2138,125655.60124999995
2139,145442.23553333335
2140,140278.36326666668
2141,118159.37966190475
2142,138877.25974999997
2143,144154.49481666653
2144,136916.51646666674
2145,131631.38666666663
2146,141302.53166666665
2147,158963.37406666667
2148,125124.71000000002
2149,122444.98326666663
2150,240896.98866666656
2151,107302.05661666671
2152,188464.63641666665
2153,140315.1133333333
2154,127754.53890000001
2155,124673.87263333323
2156,248993.5538333333
2157,248527.47816666658
2158,222056.26366666664
2159,204702.89133333333
2160,172125.47550000003
2161,272824.1127499997
2162,428989.0108999998
2163,352001.74556666723
2164,216468.8711166667
2165,169044.03016666666
2166,137959.5165095238
2167,202898.19583333336
2168,190368.87776666664
2169,181554.40416666662
2170,245403.42723333332
2171,124173.90778333337
2172,136256.9366
2173,148466.37333333335
2174,236309.96584999975
2175,292730.90006666654
2176,255709.9119833331
2177,270390.60060000006
2178,215246.27081666657
2179,143388.34164730817
2180,230725.49561666668
2181,205945.8590833335
2182,227738.57160000017
2183,206688.46490000005
2184,144972.75574999998
2185,115259.79068888891
2186,158008.32250000004
2187,135430.11924999987
2188,138921.28085000004
2189,203081.7209666668
2190,86977.00873333336
2191,86977.00873333336
2192,101270.55320000005
2193,128587.72666666658
2194,95066.38253333334
2195,109062.50889999999
2196,107012.02613333339
2197,130026.1602333333
2198,154114.5089833333
2199,147241.58750000002
2200,116044.62083333325
2201,136556.9135666666
2202,185589.87833333324
2203,130375.24
2204,155862.74800000005
2205,120282.36916666674
2206,131093.34166666665
2207,193055.48073333324
2208,210374.56199999995
2209,152713.15846666662
2210,118503.78929523806
2211,123289.86422380955
2212,131313.1488095238
2213,89455.01682619058
2214,131284.88576666676
2215,93503.43733333329
2216,157209.54583333337
2217,51872.55146666669
2218,61237.62458333336
2219,86250.87156666668
2220,56294.10225000005
2221,291373.2839499999
2222,235273.61451666674
2223,286208.29798333376
2224,192102.77783333338
2225,128399.52066666665
2226,183549.37233333336
2227,203710.9143333333
2228,259525.61905000004
2229,221957.5838666666
2230,142659.8338666667
2231,192311.55016666674
2232,196606.80450000014
2233,175814.99749999997
2234,218574.09898333324
2235,217149.54266666676
2236,299187.6306
2237,340767.9300500001
2238,196767.3651333333
2239,137055.6268500001
2240,171589.11750000002
2241,132887.25926666657
2242,129639.96273333336
2243,134031.64962619048
2244,100596.20196666666
2245,84185.43273809529
2246,148069.83788333338
2247,118176.13253333334
2248,121352.98702222222
2249,127616.6748015872
2250,132666.62949999998
2251,129174.78750000015
2252,185716.15959999996
2253,130873.6794
2254,140487.3468166666
2255,180485.6798000002
2256,173092.88733333338
2257,228392.76833333322
2258,181142.31916666665
2259,188427.9021666667
2260,161536
2261,185433.80999999994
2262,196601.51134999996
2263,308383.16723333346
2264,519349.9981333325
2265,144987.33234999995
2266,304575.4997500001
2267,376397.7980999999
2268,358134.5443166664
2269,173367.36750000002
2270,178461.37941666672
2271,240612.66533333328
2272,197282.67716666666
2273,163671.92500000002
2274,185650.9425333334
2275,175112.15650000007
2276,185182.86833333332
2277,195802.7712333334
2278,145292.0833333334
2279,129920.36723333335
2280,117065.71466666664
2281,176974.20098333343
2282,187399.9473666668
2283,99876.09178333331
2284,112195.33146825393
2285,151750.48154999997
2286,132978.5581666667
2287,321131.31350000016
2288,311023.0893083335
2289,394271.46296666673
2290,488142.1303166667
2291,315848.8085666669
2292,411667.18906666595
2293,494812.3643999991
2294,447829.9648166667
2295,485452.9879666665
2296,331680.2791833336
2297,284054.51574999996
2298,318982.1177166668
2299,382236.50648333353
2300,303287.5805833335
2301,241349.29750000004
2302,257314.9604833334
2303,297424.8298499998
2304,287965.7287833334
2305,190205.30086666706
2306,190205.30086666706
2307,188026.1447333336
2308,240768.02291666673
2309,287459.3779333335
2310,231926.55544999984
2311,204515.696
2312,177441.45180000004
2313,178706.01164999994
2314,160655.89771666666
2315,160644.78973333328
2316,183508.29385000016
2317,186389.93388333378
2318,176419.03804999997
2319,174693.83858333345
2320,188255.47561666663
2321,246804.47396666658
2322,185196.22614999994
2323,174743.61708333343
2324,149619.96908571458
2325,244336.16743333315
2326,150010.05813015904
2327,195984.76300000006
2328,190262.30059999996
2329,179944.2692833335
2330,177657.97750000007
2331,358054.97074999986
2332,421484.74848333315
2333,335903.20441666665
2334,269828.73040000006
2335,251494.66949999996
2336,335694.40763333347
2337,213088.0973309524
2338,265545.3892666663
2339,259436.44105000005
2340,359935.9642499997
2341,236689.41353333325
2342,257727.13344999996
2343,226247.59711666664
2344,222057.61338333334
2345,255851.14766666663
2346,224328.68623333322
2347,190245.77681666668
2348,229607.57479999994
2349,122791.23299999988
2350,278975.4591666668
2351,258966.46246666627
2352,279686.55333333334
2353,244362.41433333326
2354,166481.83618333333
2355,173689.3725
2356,146333.39469999995
2357,217897.0813
2358,197128.5155
2359,129599.2857666666
2360,134799.11519999997
2361,134972.2463333333
2362,255673.67423333338
2363,136339.09886666667
2364,131886.32216666677
2365,239627.7263166667
2366,190890.84273333335
2367,276556.6085499998
2368,209531.36856666673
2369,276178.05214999977
2370,165048.01333333334
2371,176185.2208333334
2372,196285.82438333333
2373,247913.84398333327
2374,267161.1339666665
2375,251170.6338333334
2376,257990.46116666662
2377,313331.57936666656
2378,154999.90246666668
2379,181843.81731666665
2380,159550.66509999998
2381,156764.7581666667
2382,187316.71883333343
2383,236362.4259999999
2384,250812.695
2385,148649.24399999998
2386,150079.08583333335
2387,140687.76866666667
2388,94496.3493333333
2389,118662.54789999999
2390,124521.16140000001
2391,131951.13033333333
2392,115399.41223333332
2393,153878.2608333334
2394,153027.43288333333
2395,212249.05833333326
2396,159277.81333333332
2397,195559.52100000004
2398,129719.95833333334
2399,76913.05551666666
2400,84227.99836190477
2401,128513.45426666661
2402,133258.5083833333
2403,150710.73325
2404,141539.99333333338
2405,157377.92666666658
2406,129949.52956666662
2407,121968.39643333337
2408,135626.15266666666
2409,138948.61035714293
2410,200201.78146666664
2411,114652.9623333333
2412,172122.6679
2413,135313.4372166667
2414,133698.32811666673
2415,156009.065
2416,121783.53500000002
2417,137659.6533333334
2418,134754.65817380947
2419,116219.80646666662
2420,117997.4225666666
2421,123534.78265000004
2422,113062.27093333328
2423,122603.92698333315
2424,200135.41400000008
2425,198828.03746666672
2426,134752.6478333333
2427,154810.75481666662
2428,182006.75750000007
2429,123536.59979999992
2430,139518.04173809526
2431,128812.35333333338
2432,140480.8326833333
2433,144626.57896666674
2434,147674.7664999999
2435,160105.72823333333
2436,102423.51493333334
2437,95947.63313333335
2438,121470.04348333339
2439,127643.93233333336
2440,129344.33750000002
2441,115518.11176666664
2442,118303.18176666666
2443,123667.50193333332
2444,139391.06253333332
2445,100446.92674999998
2446,109979.34456666668
2447,208235.4711
2448,140880.78499999997
2449,115435.97309999997
2450,173551.59583333327
2451,116966.73065000001
2452,235630.86466666672
2453,86069.24936666667
2454,86231.06443333333
2455,116988.40526666668
2456,142725.00683333338
2457,136743.09893333344
2458,113721.10786666661
2459,104556.08123333332
2460,139927.88333333327
2461,110613.49250000008
2462,138638.0571833333
2463,121748.67953333328
2464,217303.72895
2465,129142.8616666667
2466,122723.24766666658
2467,156426.5588
2468,105096.34196666666
2469,106456.43249999998
2470,173927.40199999991
2471,192634.28821666684
2472,182257.49416666667
2473,119289.22051666674
2474,108376.02429999999
2475,226353.66149999993
2476,126189.9388333333
2477,128882.67681666666
2478,169002.30015000002
2479,109804.75595000004
2480,133473.45960000006
2481,141365.3728333334
2482,118647.45230000003
2483,123965.10999999994
2484,121948.68833333325
2485,122137.43366666671
2486,162589.63499999998
2487,181182.8709833334
2488,172820.05671666667
2489,175936.7316666667
2490,157491.77246666665
2491,86075.06398333337
2492,167119.1341666666
2493,128842.95171666656
2494,148872.9673166667
2495,108905.10576190474
2496,241397.49555000005
2497,156138.6368
2498,115338.16820000001
2499,91935.93368333334
2500,141438.29318333336
2501,142447.14568333342
2502,149251.08726666676
2503,130912.60205
2504,184215.48500000016
2505,188364.09881666664
2506,304903.01149166684
2507,399716.9796500001
2508,304903.01149166684
2509,232553.76276666677
2510,253199.54128333347
2511,195777.31709999996
2512,186153.05228333335
2513,203378.1658333333
2514,187774.44526666665
2515,120287.83075000005
2516,140855.35445000004
2517,137993.78872380947
2518,139841.36216666663
2519,207790.3368999999
2520,188914.9541833334
2521,183523.29400000002
2522,197552.4035
2523,130696.99670000003
2524,123304.05971666668
2525,139167.56763333332
2526,137108.5838333333
2527,135904.6192
2528,130625.6544333334
2529,128562.95500000006
2530,91090.79823333328
2531,232747.1170000001
2532,200711.61891666686
2533,197867.14653333352
2534,249332.06250000003
2535,323680.70590000006
2536,196028.54303333332
2537,205977.61029999994
2538,175525.1137500001
2539,191439.7247499999
2540,164392.7084000003
2541,170355.24583333338
2542,148663.37293333327
2543,126331.95499999993
2544,129500.69480000003
2545,117651.16916666669
2546,153487.7683333333
2547,136430.48500000004
2548,135813.45499999993
2549,139632.06306666674
2550,304032.9231499999
2551,137927.27799999993
2552,129429.00283333336
2553,87852.63500000001
2554,143778.78616666674
2555,120080.15943333332
2556,103624.89610000003
2557,116134.23529285709
2558,158803.5142666665
2559,141490.25708333333
2560,140797.6097666667
2561,130636.23730000011
2562,119095.7934
2563,153553.40133333337
2564,189783.82913333326
2565,92378.85749999998
2566,176422.45365000004
2567,134169.4916666667
2568,161152.3616666666
2569,196582.96063333348
2570,118292.5085619047
2571,192678.81471666667
2572,166908.82333333333
2573,226819.9917166665
2574,193880.39009999987
2575,107189.64790952382
2576,146441.2123833333
2577,150880.64550000007
2578,86754.59488333328
2579,49721.74528333335
2580,191625.51276666677
2581,119913.00378333335
2582,135548.8821333333
2583,251805.00134999945
2584,160328.76333333337
2585,195869.62790000002
2586,196109.1718333334
2587,227000.52166666664
2588,139170.38812380962
2589,141185.65099999998
2590,230961.8301666667
2591,193948.33916666667
2592,254664.06313333305
2593,276068.0859333331
2594,193763.67475000003
2595,213897.21881666654
2596,312169.6618666666
2597,208360.5983333334
2598,252566.58061666662
2599,324544.50593333336
2600,101272.53213333333
2601,128346.37129999998
2602,85609.21398095241
2603,95106.67376190475
2604,83514.98963809527
2605,93264.6994666667
2606,128046.05416666664
2607,171689.01125000004
2608,154345.36800000005
2609,138086.9151333333
2610,116277.85940000002
2611,139197.5569166666
2612,156675.80698333328
2613,121023.71860000002
2614,128446.57316666657
2615,142998.6714166666
2616,132088.95233333332
2617,141671.36748809513
2618,158834.98749999996
2619,229162.09318333332
2620,176388.83750000005
2621,168295.19166666677
2622,195875.73776666675
2623,249684.67124999993
2624,315136.8999333338
2625,368253.7070999999
2626,182370.71500000003
2627,187850.25333333324
2628,418933.0873666667
2629,503266.3237999993
2630,350041.836166667
2631,488412.08813333284
2632,418855.1303666667
2633,342617.5500833337
2634,370238.84478333313
2635,145025.06099999996
2636,189252.39666666673
2637,152784.84596666656
2638,224786.50050000014
2639,179252.60539047618
2640,144921.9451666666
2641,114525.82708809526
2642,207964.6068999999
2643,102355.31028333327
2644,129568.69844999998
2645,105368.54839999994
2646,92376.15116666666
2647,99876.09178333331
2648,137757.59333333327
2649,148184.4948166668
2650,150942.23021666668
2651,161194.70233333338
2652,439494.4801499996
2653,272729.9892833331
2654,300299.83533333347
2655,341170.98770000006
2656,319584.9051166667
2657,348096.3391833332
2658,322588.07115
2659,330734.1884500002
2660,383899.39881666657
2661,345860.4848833337
2662,346278.7229000001
2663,266582.9337500001
2664,292872.32936666696
2665,328102.995716667
2666,324542.44101666694
2667,168722.6751
2668,174770.88416666677
2669,173821.0598833337
2670,285939.2387499998
2671,174770.88416666677
2672,194781.45650000006
2673,201999.38766666676
2674,192879.73088333354
2675,174641.13024999996
2676,195111.55991666665
2677,199540.70563333324
2678,252358.21060000008
2679,267828.0792333334
2680,261662.71663333336
2681,393094.74753333325
2682,337287.2864333331
2683,512906.8912333329
2684,333936.6166500001
2685,326183.5285999999
2686,276731.41354999976
2687,302819.1497500003
2688,251406.15628333308
2689,223948.5202333332
2690,427820.22033333307
2691,188270.90646666696
2692,157354.49216666666
2693,211267.78808333314
2694,173372.7756666667
2695,192955.7298833334
2696,194325.67983333324
2697,194335.38630000013
2698,186780.60699999993
2699,188380.18000000002
2700,172987.50500000006
2701,138073.54436666667
2702,127536.75090000007
2703,122066.31476666666
2704,140497.13256666667
2705,132592.98233333335
2706,121721.30666666664
2707,120435.54536666667
2708,135370.83570000005
2709,116208.42430000003
2710,121349.66533333327
2711,254295.16236666663
2712,352214.8504166666
2713,172353.53516666667
2714,158215.54780000012
2715,163964.0971666668
2716,141302.1523333335
2717,170454.04391666665
2718,255199.2413166666
2719,148413.5295833335
2720,171026.4863833334
2721,134401.16316666664
2722,159895.44966666665
2723,140674.86059999999
2724,126736.38700000009
2725,142150.81250000003
2726,142826.88754999993
2727,189418.44150000002
2728,159871.62416666662
2729,141692.95543333335
2730,148733.19945
2731,98875.98556666667
2732,99065.85
2733,155996.41333333336
2734,146861.2583333334
2735,113745.75053333334
2736,146995.6410500001
2737,130793.97916666666
2738,152513.5640833333
2739,159897.31166666662
2740,146469.68163333333
2741,132603.59483333337
2742,153931.85176666663
2743,140207.11783333338
2744,173770.25159999996
2745,125933.36746666668
2746,130900.5454666667
2747,112700.25779999998
2748,98118.44950476201
2749,107083.53640000001
2750,138123.78383333332
2751,122426.27499999997
2752,185153.39866666673
2753,153267.7420333333
2754,190082.2826166667
2755,130333.44666666671
2756,75061.96445000003
2757,69407.59452857147
2758,96566.51093333331
2759,137202.19166666665
2760,115005.96020000005
2761,155043.25221666673
2762,169841.015
2763,195851.71666666662
2764,108292.2562666667
2765,289186.11893333384
2766,124490.61369999991
2767,87768.28452619049
2768,157975.2525
2769,139973.66295000011
2770,150579.78966666662
2771,91815.39670000001
2772,124100.45776666667
2773,185028.47936666675
2774,129720.62876666673
2775,160903.43003333328
2776,166628.0405166667
2777,149639.4355833332
2778,106163.00091666666
2779,115200.34595
2780,124675.67333333331
2781,98951.41983333335
2782,73284.2293666667
2783,112031.4205
2784,121804.51413333334
2785,140712.2246000001
2786,78524.20703095237
2787,118053.51166666663
2788,85883.44729999996
2789,235520.9450666668
2790,112749.44449999994
2791,124621.43763333333
2792,92707.94340000002
2793,189883.63820000002
2794,107249.32820000002
2795,144095.6571833334
2796,100429.51690000002
2797,221815.1601333332
2798,102133.0237166668
2799,121344.34338333321
2800,87050.73360952381
2801,109272.02024285715
2802,113744.41571666664
2803,221170.9292666666
2804,99396.95050000004
2805,102138.04916666671
2806,100784.33785000001
2807,169981.1225
2808,132983.32100000003
2809,138344.16516666664
2810,141984.53199999995
2811,164133.49049999996
2812,139341.77489999996
2813,191657.5468666667
2814,191681.1718666667
2815,109753.93803333331
2816,229283.26558333336
2817,125484.8366666667
2818,115151.60853809526
2819,151758.0117999999
2820,133021.25423333325
2821,114232.09666666662
2822,159957.28596666668
2823,224369.02000000008
2824,130979.29788095236
2825,122147.30386666671
2826,136091.57700000005
2827,156197.87013333332
2828,187844.01788333335
2829,195361.33600000007
2830,225886.21166666682
2831,193778.83991666665
2832,251754.93274999995
2833,252723.37546666613
2834,241831.9803833331
2835,228545.1355333334
2836,194399.91949999993
2837,156854.67900000003
2838,143786.39389999997
2839,172691.69249999998
2840,204219.52509999997
2841,191997.34495000014
2842,191939.6199
2843,147632.4637499999
2844,158381.45649999997
2845,129621.13520000008
2846,200078.9055000002
2847,186378.14826666677
2848,210255.76114999998
2849,201234.40453333332
2850,254596.43368333337
2851,216208.08633333334
2852,210374.56199999995
2853,221224.76099999997
2854,148282.89988650786
2855,202093.62048333322
2856,191245.83878333334
2857,195641.07283333328
2858,187386.6414166667
2859,121017.02491666673
2860,136129.05336666672
2861,146627.56851666677
2862,182788.27125
2863,139709.88861111106
2864,275144.5396500002
2865,135066.73420000004
2866,146495.73089285716
2867,91339.34723333338
2868,123863.5075
2869,117418.32683333337
2870,130594.49984999986
2871,115636.49634999996
2872,60632.79693333337
2873,114110.13156666668
2874,141152.2626666667
2875,134631.3041666667
2876,158766.3156
2877,142604.125
2878,150002.2233333334
2879,135045.3414333334
2880,126369.79333333336
2881,133132.8383333333
2882,141108.0293333334
2883,170735.52666666667
2884,173652.82283333334
2885,155680.225
2886,136060.4877539682
2887,97083.40517619048
2888,128005.83840000004
2889,73616.08581666666
2890,70553.40848333335
2891,156098.36750000002
2892,67680.73478333338
2893,100876.956
2894,70343.40422142857
2895,275756.4893750001
2896,275848.4881999998
2897,184911.51975000004
2898,187480.20821666668
2899,247338.43208333332
2900,158473.90916666665
2901,201653.22249999992
2902,187428.23590000003
2903,289289.39576666703
2904,320449.4211333334
2905,79538.36958333336
2906,201776.0222666667
2907,112012.32606666663
2908,125786.5103999999
2909,154712.53525000007
2910,83395.20440476191
2911,86934.45671428574
2912,127689.37661666657
2913,85442.4609476191
2914,85442.4609476191
2915,85442.4609476191
2916,85442.4609476191
2917,141734.3394166666
2918,120296.98749999997
2919,214076.85816666664
